0.050,-1.102,1.313,9.644,5.188,0.610
0.011,-1.148,1.477,6.287,19.287,10.254
-0.116,-1.117,1.608,-5.432,27.100,15.503
-0.213,-1.027,1.493,-36.133,47.974,36.804
-0.371,-0.801,0.998,-46.143,66.772,46.265
-0.407,-0.646,0.661,-51.392,89.661,45.105
-0.415,-0.468,0.291,-39.856,120.789,20.203
-0.367,-0.271,-0.564,-22.583,142.029,8.057
-0.283,-0.396,-0.994,36.865,171.020,-28.015
0.049,-0.846,-1.512,69.092,169.922,-57.617
0.259,-1.052,-1.574,107.666,140.015,-97.961
0.569,-1.352,-1.401,102.966,112.305,-89.111
0.594,-1.435,-1.272,78.857,30.762,-18.677
0.401,-1.458,-0.949,68.787,-6.165,18.921
0.273,-1.383,-0.751,52.856,-29.114,40.649
0.166,-1.234,-0.556,5.920,-49.805,31.189
0.026,-0.875,-0.248,-7.996,-56.030,18.127
0.002,-0.805,-0.158,-1.221,-54.687,5.188
0.022,-0.875,-0.092,6.775,-50.598,-2.563
0.076,-1.243,0.996,11.841,27.283,-13.000
0.084,-1.263,1.111,6.897,36.865,-10.681
-0.001,-1.227,1.169,0.061,38.879,-0.122
-0.082,-1.168,1.102,-12.085,48.462,34.729
-0.228,-0.980,0.821,-13.794,60.120,49.133
-0.273,-0.867,0.620,-13.855,74.951,54.321
-0.295,-0.741,0.372,-11.902,102.173,42.908
-0.271,-0.552,-0.263,-10.376,114.136,36.804
-0.226,-0.541,-0.582,-3.540,149.780,2.869
-0.046,-0.679,-1.133,9.033,154.114,-24.414
0.086,-0.785,-1.293,46.692,132.385,-65.491
0.297,-1.047,-1.364,61.829,112.915,-66.956
0.352,-1.178,-1.298,69.824,88.379,-56.641
0.375,-1.277,-1.198,57.800,37.476,-23.682
0.360,-1.317,-0.949,41.138,16.968,-10.559
0.317,-1.241,-0.815,3.540,-16.846,2.136
0.185,-0.978,-0.538,-8.423,-30.762,6.165
0.130,-0.872,-0.386,-8.911,-47.241,14.038
0.054,-0.799,-0.130,-4.028,-49.255,14.587
0.234,-1.305,0.932,24.414,22.339,-15.442
0.197,-1.358,1.113,18.921,20.508,2.747
-0.014,-1.358,1.307,6.958,15.442,20.386
-0.161,-1.311,1.276,-24.170,13.611,51.941
-0.416,-1.084,0.945,-37.659,27.100,55.603
-0.460,-0.905,0.713,-46.204,50.476,47.119
-0.441,-0.705,0.460,-46.936,98.938,20.203
-0.323,-0.321,-0.217,-45.105,125.610,12.207
-0.228,-0.200,-0.643,5.127,146.423,2.808
0.067,-0.442,-1.420,46.448,141.602,-5.554
0.241,-0.731,-1.652,94.238,123.596,-39.490
0.541,-1.229,-1.779,96.863,106.628,-50.415
0.643,-1.400,-1.676,76.660,50.598,-36.255
0.649,-1.523,-1.271,53.833,18.188,-19.592
0.543,-1.405,-1.049,23.499,-12.024,-4.700
0.379,-1.181,-0.858,-27.832,-61.401,13.733
0.051,-0.803,-0.532,-31.860,-74.280,18.738
-0.021,-0.786,-0.395,-17.517,-71.411,8.484
0.017,-0.870,-0.246,-17.944,-63.171,-9.277
-0.009,-1.218,0.927,29.724,11.169,5.371
-0.064,-1.230,0.966,30.884,13.611,31.006
-0.157,-1.215,0.973,30.457,20.752,36.682
-0.197,-1.178,0.935,21.729,45.044,39.856
-0.285,-1.010,0.710,13.245,60.791,39.490
-0.297,-0.873,0.523,5.005,73.059,37.415
-0.297,-0.726,0.287,-6.836,97.412,31.982
-0.269,-0.510,-0.294,-5.249,113.770,26.672
-0.225,-0.466,-0.612,19.226,134.399,5.920
-0.003,-0.529,-1.124,36.438,138.977,-11.230
0.135,-0.647,-1.298,67.383,132.690,-43.152
0.391,-1.078,-1.504,75.623,117.615,-49.255
0.490,-1.256,-1.483,64.026,67.993,-39.307
0.583,-1.408,-1.273,46.753,40.222,-22.156
0.563,-1.367,-1.133,2.563,-16.357,15.137
0.377,-1.085,-0.869,-15.808,-42.480,26.672
0.260,-0.950,-0.741,-25.452,-62.622,32.532
0.177,-0.893,-0.626,-25.330,-76.111,25.269
0.162,-0.937,-0.475,-26.978,-74.036,10.071
0.085,-1.183,1.047,25.391,28.442,-8.118
0.090,-1.266,1.229,45.044,43.640,2.563
0.017,-1.393,1.388,47.913,52.124,16.174
-0.048,-1.379,1.367,32.288,69.641,44.312
-0.194,-1.134,1.222,18.250,79.529,50.781
-0.274,-0.914,1.053,4.089,93.750,52.002
-0.347,-0.671,0.765,-4.700,125.305,50.049
-0.430,-0.284,-0.069,3.113,147.339,43.335
-0.405,-0.202,-0.505,25.879,184.509,-3.235
-0.282,-0.180,-1.370,40.771,188.599,-29.602
-0.183,-0.310,-1.697,95.398,178.650,-47.729
0.073,-0.870,-1.911,122.192,165.710,-49.744
0.189,-1.209,-1.853,134.216,147.217,-52.490
0.446,-1.646,-1.503,99.854,102.356,-63.660
0.559,-1.649,-1.270,62.317,75.806,-65.247
0.605,-1.533,-1.057,-10.315,6.775,-28.503
0.436,-1.127,-0.782,-33.691,-31.128,2.380
0.280,-0.947,-0.685,-44.312,-82.092,41.443
0.076,-0.844,-0.517,-37.964,-88.745,40.588
0.186,-1.116,1.061,19.409,3.601,-3.906
0.159,-1.169,1.427,41.382,15.503,5.554
0.051,-1.354,1.869,48.523,23.987,14.526
-0.053,-1.374,1.905,45.349,33.936,17.639
-0.318,-1.177,1.711,19.165,55.908,21.667
-0.429,-1.024,1.516,9.033,69.946,29.907
-0.523,-0.839,1.221,-9.644,103.638,41.809
-0.608,-0.394,0.278,-18.433,126.160,38.757
-0.584,-0.203,-0.342,1.526,165.710,9.277
-0.272,-0.243,-1.317,30.945,191.895,-16.907
-0.043,-0.440,-1.579,75.195,203.918,-69.702
0.355,-0.865,-1.821,86.914,185.608,-75.989
0.489,-1.090,-1.849,94.604,154.541,-66.223
0.604,-1.456,-1.661,87.646,77.271,-28.503
0.625,-1.509,-1.380,70.740,43.640,-12.268
0.607,-1.437,-1.041,15.381,-13.306,10.864
0.364,-1.030,-0.505,-8.362,-40.161,22.583
0.194,-0.846,-0.318,-11.169,-72.266,44.312
-0.027,-0.755,-0.024,0.793,-72.388,46.692
0.020,-1.000,1.458,63.171,20.569,30.212
-0.076,-1.082,1.698,82.947,30.518,58.411
-0.378,-1.170,1.826,71.533,40.161,70.190
-0.541,-1.094,1.678,9.766,79.407,73.914
-0.688,-0.598,0.955,-12.878,101.929,62.195
-0.630,-0.334,0.412,-20.935,134.399,49.438
-0.504,-0.176,-0.262,-4.517,211.731,26.062
-0.110,-0.222,-1.776,17.273,230.469,0.427
0.183,-0.487,-2.383,93.018,239.624,-73.730
1.037,-1.500,-2.703,123.962,227.051,-105.469
1.370,-1.843,-2.431,96.985,125.549,-105.652
1.347,-1.822,-1.515,55.420,48.218,-58.411
0.966,-1.537,-1.111,-28.931,-92.773,49.133
-0.044,-0.777,-0.432,-47.119,-130.859,73.181
-0.413,-0.548,-0.125,-41.626,-141.357,79.285
-0.603,-0.527,0.056,-6.775,-100.647,57.556
-0.512,-0.690,0.116,-1.709,-66.223,28.931
-0.340,-0.715,0.088,-7.324,-12.756,-19.653
-0.010,-0.778,0.011,-6.653,0.061,-28.259
-0.054,-1.291,1.484,51.392,31.128,20.264
-0.122,-1.328,1.648,38.330,58.960,11.475
-0.280,-1.291,1.678,25.024,69.275,14.343
-0.344,-1.192,1.531,-7.141,96.436,21.729
-0.417,-0.797,1.018,-17.029,112.732,23.499
-0.424,-0.558,0.651,-19.470,131.287,27.344
-0.397,-0.347,0.159,3.601,172.302,40.283
-0.229,-0.148,-0.876,27.771,196.777,35.339
-0.058,-0.250,-1.283,74.402,220.093,-30.212
0.338,-0.557,-1.800,91.125,209.778,-71.533
0.499,-0.777,-1.893,127.502,166.504,-81.177
0.695,-1.327,-1.677,130.066,132.935,-65.613
0.705,-1.471,-1.467,110.840,92.163,-52.979
0.622,-1.377,-0.983,44.312,14.709,-25.940
0.514,-1.196,-0.747,16.724,-18.250,-6.592
0.362,-1.007,-0.530,-2.014,-68.665,32.898
0.063,-0.802,-0.126,4.028,-79.346,44.983
-0.034,-0.799,0.022,15.259,-70.496,42.786
-0.087,-0.842,0.162,13.306,-57.190,29.358
0.276,-1.202,0.930,18.555,13.306,-16.479
0.309,-1.292,1.223,44.800,25.574,-23.987
0.317,-1.418,1.887,58.838,28.687,-15.076
0.217,-1.395,2.107,63.721,19.958,34.546
-0.280,-1.098,2.034,52.612,13.550,65.491
-0.573,-0.874,1.699,37.231,16.052,90.088
-0.775,-0.619,1.083,-0.610,67.810,76.050
-0.591,-0.130,-1.016,-13.367,120.666,25.208
-0.171,0.018,-1.991,45.593,232.605,-110.291
0.848,-0.574,-2.546,116.760,245.056,-131.226
1.197,-1.146,-2.432,155.334,155.090,-73.547
1.227,-1.543,-1.995,113.464,79.712,-39.917
0.953,-1.386,-1.619,23.499,-54.626,17.944
0.134,-0.883,-0.769,-0.122,-98.999,41.748
-0.238,-0.714,-0.357,-5.249,-123.657,60.852
-0.530,-0.632,0.005,15.076,-122.131,82.458
-0.824,-0.715,0.299,25.879,-102.600,83.008
-0.792,-0.823,0.264,27.100,-40.466,51.331
-0.480,-0.911,0.125,18.738,-9.766,26.672
0.066,-1.129,1.315,29.114,22.034,-0.549
0.031,-1.221,1.641,52.307,48.828,2.502
-0.064,-1.281,2.022,55.908,65.491,-0.793
-0.157,-1.200,1.977,46.997,90.210,23.254
-0.416,-0.930,1.511,37.903,99.609,45.959
-0.516,-0.772,1.083,25.269,108.459,61.096
-0.536,-0.578,0.520,-8.606,138.977,44.250
-0.295,-0.246,-0.916,-16.602,160.583,14.771
-0.055,-0.234,-1.587,22.705,195.862,-52.551
0.528,-0.603,-2.113,67.688,198.730,-65.857
0.753,-0.925,-2.045,126.587,145.691,-36.499
0.923,-1.361,-1.684,116.577,98.633,-16.602
0.875,-1.361,-1.406,56.885,5.066,8.545
0.532,-1.100,-0.732,30.212,-32.104,20.325
0.260,-0.960,-0.425,14.587,-60.791,33.508
-0.001,-0.875,-0.181,11.658,-78.735,51.941
-0.286,-0.819,0.100,14.709,-68.237,49.011
-0.291,-0.820,0.155,17.334,-32.227,27.710
-0.162,-0.873,0.154,15.564,-15.137,15.442